1
-1
2
-2
3
-3
4
-4
5
-5
6
-6
7
-7
8
-8
9
-9
10
-10
11
-11
12
-12
13
-13
14
-14
15
-15
16
-16
17
-17
18
-18
19
-19
20
-20
21
-21
22
-22
23
-23
24
-24
25
-25
26
-26
27
-27
28
-28
29
-29
30
-30
31
-31
32
-32
33
-33
34
-34
35
-35
36
-36
37
-37
38
-38
39
-39
40
-40
41
-41
42
-42
43
-43
44
-44
45
-45
46
-46
47
-47
48
-48
49
-49
50
-50
51
-51
52
-52
53
-53
54
-54
55
-55
56
-56
57
-57
58
-58
59
-59
60
-60
61
-61
62
-62
63
-63
65
-65
66
-66
67
-67
68
-68
69
-69
70
-70
71
-71
72
-72
73
-73
74
-74
75
-75
76
-76
77
-77
78
-78
79
-79
80
-80
81
-81
82
-82
83
-83
84
-84
85
-85
86
-86
87
-87
88
-88
89
-89
90
-90
91
-91
92
-92
93
-93
94
-94
95
-95
96
-96
97
-97
98
-98
99
-99
100
-100
101
-101
102
-102
103
-103
104
-104
105
-105
106
-106
107
-107
108
-108
109
-109
110
-110
111
-111
112
-112
113
-113
114
-114
115
-115
116
-116
117
-117
118
-118
119
-119
120
-120
121
-121
122
-122
123
-123
124
-124
125
-125
126
-126
127
-127
129
-129
130
-130
131
-131
132
-132
133
-133
134
-134
135
-135
136
-136
137
-137
138
-138
139
-139
140
-140
141
-141
142
-142
143
-143
144
-144
145
-145
146
-146
147
-147
148
-148
149
-149
150
-150
151
-151
152
-152
153
-153
154
-154
155
-155
156
-156
157
-157
158
-158
159
-159
160
-160
161
-161
162
-162
163
-163
164
-164
165
-165
166
-166
167
-167
168
-168
169
-169
170
-170
171
-171
172
-172
173
-173
174
-174
175
-175
176
-176
177
-177
178
-178
179
-179
180
-180
181
-181
182
-182
183
-183
184
-184
185
-185
186
-186
187
-187
188
-188
189
-189
190
-190
191
-191
193
-193
196
-196
216
-216
225
-225
243
-243
289
-289
324
-324
343
-343
361
-361
400
-400
441
-441
484
-484
529
-529
625
-625
676
-676
784
-784
841
-841
900
-900
961
-961
1000
-1000
-1089
1089
-1156
1156
-1225
1225
-1296
1296
-1331
1331
-1369
1369
-1444
1444
-1521
1521
-1681
1681
-1764
1764
-1849
1849
-1936
1936
-1944
1944
-2025
2025
2116
-2116
2197
-2197
2209
-2209
2401
-2401
2500
-2500
2592
-2592
2601
-2601
2704
-2704
2744
-2744
2809
-2809
3025
-3025
-3125
3125
-3249
3249
-3364
3364
-3375
3375
-3481
3481
-3600
3600
-3721
3721
-3844
3844
-3888
3888
-3969
3969
4225
-4225
4356
-4356
4489
-4489
4624
-4624
4761
-4761
4900
-4900
4913
-4913
5041
-5041
-5329
5329
-5476
5476
-5625
5625
-5776
5776
-5929
5929
-6084
6084
6241
-6241
6724
-6724
6859
-6859
6889
-6889
7056
-7056
-7225
7225
-7396
7396
-7569
7569
-7776
7776
-7921
7921
-8100
8100
8281
-8281
8464
-8464
8649
-8649
8836
-8836
9025
-9025
-9261
9261
-9409
9409
-9604
9604
-9801
9801
-10000
10000
10648
-10648
-12167
12167
14641
-14641
16807
-16807
-17576
17576
-24389
24389
27000
-27000
-28561
28561
-29791
29791
-35937
35937
-38416
38416
39304
-39304
-42875
42875
50000
-50000
-50625
50625
-50653
50653
-54872
54872
-59319
59319
-68921
68921
74088
-74088
-79507
79507
-83521
83521
-97336
97336
-100000
100000
-103823
103823
-130321
130321
-132651
132651
-148877
148877
-161051
161051
166375
-166375
185193
-185193
-194481
194481
195112
-195112
205379
-205379
234256
-234256
268912
-268912
-279841
279841
371293
-371293
456976
-456976
-537824
537824
707281
-707281
-759375
759375
-810000
810000
-923521
923521
1185921
-1185921
-1336336
1336336
1419857
-1419857
-1500625
1500625
1874161
-1874161
2085136
-2085136
-2313441
2313441
2476099
-2476099
4084101
-4084101
5153632
-5153632
-6436343
6436343
11881376
-11881376
